0 0 0 0 0 0 0 0 0 0 0 0 0 0 0 0 0 0 0 0 0 0 0 0 0 0 0 0 0 0 0 0 0 0 0 0 0 0 0 0 0
0 0 0 0 0 0 0 0 0 0 0 0 0 0 0 0 0 0 0 0 0 0 0 0 0 0 0 0 7 0 0 0 0 0 0 0 0 0 0 0 0
0 0 0 0 0 0 0 0 0 0 0 0 0 0 0 0 0 0 0 0 0 0 0 0 0 0 0 1 6 7 0 0 0 0 0 0 0 0 0 0 0
0 0 0 0 0 0 0 0 0 0 0 0 0 0 0 0 0 0 0 0 0 0 0 0 0 0 0 12 0 7 0 8 0 0 0 0 0 0 0 0 0
0 0 0 0 0 0 0 0 0 0 0 0 0 0 0 0 0 0 0 0 0 0 0 0 0 7 137 34 22 12 8 0 0 0 0 0 0 0 0 0 0
0 0 0 0 0 0 0 0 0 0 0 0 0 0 0 0 0 0 0 0 0 0 0 0 0 285 206 75 65 12 0 0 0 0 0 0 0 0 0 0 0
0 0 0 0 0 0 0 0 0 0 0 0 0 0 0 0 0 0 0 0 0 20 17 302 44 321 296 147 23 1 0 0 0 0 0 0 0 0 0 0 0
0 0 0 0 0 0 0 0 0 0 0 0 0 0 0 0 0 0 0 89 2572 1545 2406 2944 2672 3254 2785 208 1 0 0 0 0 0 0 0 0 0 0 0 0
0 0 0 0 0 0 0 0 0 0 0 0 0 0 0 0 0 527 2059 2712 324 92 212 24 2 296 6514 31 0 0 0 0 0 0 0 0 0 0 0 0 0
0 0 0 0 0 0 0 0 0 0 0 0 0 0 0 0 1709 2018 535 12 0 0 0 0 3 376 2370 0 0 0 0 0 0 0 0 0 0 0 0 0 0
0 0 0 0 0 0 0 0 0 0 0 0 0 0 64 1477 2342 6 6 51 7 203 111 1207 2612 3876 4879 0 0 0 0 0 0 0 0 0 0 4 4 0 0
0 0 0 0 0 0 0 0 0 0 0 0 0 22 2699 705 0 228 339 6521 2629 3641 4298 2678 279 325 7076 5 0 0 0 0 0 3 3 3 4 0 0 0 0
0 0 0 0 0 0 0 0 0 0 0 3 12 1998 2275 21 0 105 87 4003 13 0 4 0 0 191 4808 11 0 0 0 3 6 1 4 1 0 0 0 0 0
0 0 0 0 0 0 0 0 0 0 0 23 1403 2818 147 0 0 0 64 3585 6 4 4 0 0 11 7119 547 0 0 6 3 7 11 4 0 1 0 0 0 0
0 0 0 0 0 0 0 0 0 0 0 383 3163 785 10 0 0 0 70 8265 141 16 1 0 0 6 6135 1311 1 10 11 18 11 0 1 5 4 0 0 0 0
0 0 0 0 0 0 0 0 0 0 3 2362 845 0 0 0 0 0 258 3369 5329 155 62 5 5 1 5091 207 16 17 11 0 1 5 4 0 0 0 0 0 0
0 0 0 0 0 0 0 0 0 0 2312 1835 3 0 0 0 0 5 144 26 4007 17 4 0 0 9 3688 106 24 6 1 6 11 0 0 0 0 0 0 0 0
0 0 0 0 0 0 0 0 3 107 3502 370 0 0 3 5 26 28 19 198 4730 103 5 8 46 85 5381 617 445 230 43 6 0 0 0 0 0 0 0 0 0
0 0 0 0 0 0 2 4 40 500 4644 3 8 137 364 112 25 74 56 135 8005 159 1983 3696 4524 5042 16614 3627 630 256 29 0 0 0 0 0 0 0 0 0 0
0 0 0 0 3 3 2 3 22 11 7061 5328 7004 16464 5881 3239 3190 2720 2367 2844 14883 5299 2503 359 85 70 29 9 4 0 0 0 4 0 0 0 0 0 0 0 0
0 0 3 3 0 3 2 11 4 7 0 0 0 6571 0 10 8 3 0 0 5270 969 5 16 29 15 27 29 82 265 276 10 6 6 0 0 0 0 0 0 0
0 3 0 1 3 0 0 3 3 0 0 0 4 6782 6658 7097 2973 400 54 92 11762 2931 2874 3024 3380 4239 4297 3185 3735 6949 857 176 19 0 0 0 0 0 0 0 0
0 0 3 2 0 0 0 3 0 0 0 0 162 4349 0 28 3215 6181 6049 13118 5152 860 109 26 8 22 104 7 3 3315 1 9 10 7 6 0 0 0 0 0 0
0 0 0 0 0 0 0 0 0 0 0 4 4443 1037 0 0 0 0 8 3792 197 84 3 0 0 0 39 141 0 2542 28 3 0 6 7 7 6 0 0 0 0
0 0 0 0 0 0 0 0 0 0 0 2096 2097 7 0 0 0 0 0 4166 174 326 193 208 80 582 398 231 0 3783 81 0 3 0 0 6 4 3 0 0 0
0 0 0 0 0 0 0 0 0 0 1426 3736 13 0 0 0 0 0 0 5916 4947 3522 2624 2460 2726 2565 8776 479 0 1297 3865 0 0 0 0 0 0 0 0 0 0
0 0 0 0 0 0 0 0 0 3 3178 248 0 0 0 0 0 0 8 4332 528 8 9 2 3 1 3196 168 0 101 7999 0 0 0 0 0 0 0 0 0 0
0 0 0 0 0 0 0 0 3 0 3481 8 0 0 0 0 0 0 3861 2374 8 3 2 0 0 0 1699 334 69 2695 2551 8 0 0 0 0 0 0 0 0 0
0 0 0 0 0 0 0 3 0 0 4317 1 0 0 0 0 0 59 2704 78 0 0 0 0 0 2 274 3288 2822 1432 117 0 0 0 0 0 0 0 0 0 0
0 0 0 0 0 0 0 0 0 0 5006 0 0 0 0 0 0 3992 1673 0 0 0 3 3 8 15 520 4619 410 0 8 4 0 0 0 0 0 0 0 0 0
0 0 0 0 0 0 0 0 0 0 7943 220 20 0 4 6 1045 3321 3 0 0 3 0 7 53 360 451 27 0 0 8 0 0 0 0 0 0 0 0 0 0
0 0 0 0 0 0 0 0 0 0 3718 2754 3483 3385 3345 5253 6978 4 0 0 0 0 10 16 14 54 4 0 0 0 0 0 0 0 0 0 0 0 0 0 0
0 0 0 0 0 0 0 0 0 0 21 0 0 13 2 6 10 0 0 0 0 0 6 0 15 0 0 0 0 0 0 0 0 0 0 0 0 0 0 0 0
0 0 0 0 0 0 0 0 0 0 16 0 0 0 0 0 0 0 0 0 0 0 0 0 0 0 0 0 0 0 0 0 0 0 0 0 0 0 0 0 0
0 0 0 0 0 0 0 0 0 0 16 0 0 0 0 0 0 0 0 0 0 0 0 0 0 0 0 0 0 0 0 0 0 0 0 0 0 0 0 0 0
0 0 0 0 0 0 0 0 0 0 16 0 0 0 0 0 0 0 0 0 0 0 0 0 0 0 0 0 0 0 0 0 0 0 0 0 0 0 0 0 0
0 0 0 0 0 0 0 0 0 0 10 0 0 0 0 0 0 0 0 0 0 0 0 0 0 0 0 0 0 0 0 0 0 0 0 0 0 0 0 0 0
0 0 0 0 0 0 0 0 0 0 10 0 0 0 0 0 0 0 0 0 0 0 0 0 0 0 0 0 0 0 0 0 0 0 0 0 0 0 0 0 0
0 0 0 0 0 0 0 0 0 0 10 0 0 0 0 0 0 0 0 0 0 0 0 0 0 0 0 0 0 0 0 0 0 0 0 0 0 0 0 0 0
0 0 0 0 0 0 0 0 0 0 0 0 0 0 0 0 0 0 0 0 0 0 0 0 0 0 0 0 0 0 0 0 0 0 0 0 0 0 0 0 0
0 0 0 0 0 0 0 0 0 0 0 0 0 0 0 0 0 0 0 0 0 0 0 0 0 0 0 0 0 0 0 0 0 0 0 0 0 0 0 0 0
