0 0 0 0 0 0 0 0 0 0 0 0 0 0 0 0 0 0 0 0 0 0 0 0 0 0 0 0 7 0 0 0 0 0 0 0 0 0 0 0 0
0 0 0 0 0 0 0 0 0 0 0 0 0 0 0 0 0 0 0 0 0 0 0 0 0 0 0 0 0 0 7 0 0 0 0 0 0 0 0 0 0
0 0 0 0 0 0 0 0 0 0 0 0 0 0 0 0 0 0 0 0 0 0 0 0 0 0 0 5 0 0 0 0 8 0 0 0 0 0 0 0 0
0 0 0 0 0 0 0 0 0 0 0 0 0 0 0 0 0 0 0 0 0 0 0 0 0 7 137 22 13 3 11 0 0 0 0 0 0 0 0 0 0
0 0 0 0 0 0 0 0 0 0 0 0 0 0 0 0 0 0 0 0 0 0 0 0 0 278 69 26 46 0 4 0 0 0 0 0 0 0 0 0 0
0 0 0 0 0 0 0 0 0 0 0 0 0 0 0 0 0 0 0 0 0 0 0 0 0 55 61 21 0 0 0 0 0 0 0 0 0 0 0 0 0
0 0 0 0 0 0 0 0 0 0 0 0 0 0 0 0 0 0 0 0 20 22 301 35 319 677 1055 107 7 0 0 0 0 0 0 0 0 0 0 0 0
0 0 0 0 0 0 0 0 0 0 0 0 0 0 0 0 0 0 30 295 1240 2050 2296 1630 1774 1868 9056 243 0 0 0 0 0 0 0 0 0 0 0 0 0
0 0 0 0 0 0 0 0 0 0 0 0 0 0 0 0 0 373 1207 1855 350 310 26 0 0 280 1495 51 0 0 0 0 0 0 0 0 0 0 0 0 0
0 0 0 0 0 0 0 0 0 0 0 0 0 0 0 20 863 2192 1016 106 3 0 0 0 0 650 1582 0 0 0 0 0 0 0 0 0 0 0 0 4 0
0 0 0 0 0 0 0 0 0 0 0 0 0 0 26 2149 979 153 115 290 826 1046 940 837 1756 3964 3816 6 3 0 0 0 0 0 0 3 0 0 0 0 0
0 0 0 0 0 0 0 0 0 0 0 0 0 164 976 1332 264 83 2746 1642 2684 1829 1694 1040 592 384 5294 8 0 0 0 0 0 3 0 0 0 0 0 0 0
0 0 0 0 0 0 0 0 0 0 0 0 29 718 1024 6 105 13 1496 1843 27 4 0 0 0 9 6416 756 0 0 0 0 0 0 4 4 0 0 0 0 0
0 0 0 0 0 0 0 0 0 0 5 7 297 1629 250 0 0 0 981 1523 11 0 0 0 0 6 1655 2282 0 0 0 4 0 6 0 0 0 5 0 0 0
0 0 0 0 0 0 0 0 0 0 23 292 1687 229 32 0 0 0 882 1667 945 169 0 2 0 67 2959 483 4 0 5 0 0 0 0 0 0 0 0 0 0
0 0 0 0 0 0 0 0 0 0 151 1086 1396 34 0 0 0 0 416 5063 6106 467 92 56 0 5 1797 436 3 10 0 0 0 0 0 0 0 0 0 0 0
0 0 0 0 0 0 0 0 0 0 1020 1206 35 3 0 0 0 8 350 310 3589 827 6 0 0 3 3266 755 6 0 0 0 0 7 0 0 0 0 0 0 0
0 0 0 0 0 0 0 0 0 22 2556 4 0 3 0 9 2 7 129 32 3448 34 3 5 13 27 1282 5794 1225 342 187 32 0 0 0 0 0 0 0 0 0
0 0 0 0 0 0 0 0 14 979 2980 3 0 227 172 319 173 577 238 672 5574 4687 2594 2688 2453 2008 2482 6637 1020 246 226 29 0 0 0 0 0 0 0 0 0
0 0 0 0 0 0 0 35 136 2091 13785 7007 4821 14822 11708 3725 2435 1447 1951 3102 8735 2330 1300 808 522 387 178 596 5 3 0 0 0 4 0 0 0 0 0 0 0
0 0 0 0 0 0 3 10 0 4 163 0 6 1556 2358 3 0 2 0 11 2744 2104 0 4 13 102 130 10 0 4 324 333 0 0 6 0 0 0 0 0 0
3 0 0 0 0 0 9 0 0 4 0 0 0 3863 4563 2592 1644 656 3126 5886 5517 7508 2323 2329 2183 2750 3251 2843 1915 4571 2388 605 152 16 0 0 0 0 0 0 0
0 0 0 0 0 0 0 0 3 0 0 0 9 2354 387 1687 1622 3483 3276 4476 2614 618 345 328 207 105 497 236 0 2712 484 0 4 0 0 0 0 0 0 0 0
0 3 0 0 0 0 3 0 0 0 0 62 2008 2261 0 0 0 8 0 2113 884 16 8 0 16 0 289 160 0 1296 884 0 0 0 0 0 0 0 0 0 0
0 0 0 0 0 0 0 0 0 0 7 1741 2086 216 0 0 0 0 0 4163 2541 535 261 271 1382 1030 4560 970 0 1435 766 0 0 0 0 0 3 4 3 0 0
0 0 0 0 0 0 0 0 0 0 910 2497 52 0 0 0 0 0 15 4804 5655 1591 1233 1271 1624 1104 1587 1270 0 1480 1315 3 0 3 0 0 0 3 0 0 0
0 0 0 0 0 0 0 0 0 0 6744 117 3 0 0 0 0 0 398 1868 135 0 0 3 0 0 1074 775 0 0 3861 1753 0 0 0 0 0 0 0 0 0
0 0 0 0 0 0 0 0 0 5 3778 0 0 0 0 0 0 0 1204 2359 0 0 0 0 0 0 1159 1210 291 2966 4996 535 0 0 0 0 0 0 0 0 0
0 0 0 0 0 0 0 0 0 0 2621 0 0 0 0 0 0 950 2892 383 3 0 0 0 0 0 2768 1566 3361 637 65 42 0 0 0 0 0 0 0 0 0
0 0 0 0 0 0 3 0 0 0 2807 0 0 0 0 0 93 1776 821 0 0 0 0 0 0 83 857 2368 576 0 105 0 0 0 0 0 0 0 0 0 0
0 0 0 0 0 0 0 0 0 0 6674 862 84 102 169 12 394 2433 3 3 3 0 7 34 265 302 169 99 0 0 0 4 0 0 0 0 0 0 0 0 0
0 0 0 0 0 0 0 0 0 0 6492 3527 2189 2637 1867 3578 4803 2988 0 0 0 0 0 15 37 164 0 0 0 0 8 0 0 0 0 0 0 0 0 0 0
0 0 0 0 0 0 0 0 0 0 158 21 0 3 54 27 1186 198 0 0 0 16 0 0 39 0 0 0 0 0 0 0 0 0 0 0 0 0 0 0 0
0 0 0 0 0 0 0 0 0 0 5 0 0 0 0 0 0 0 0 0 0 0 0 15 0 0 0 0 0 0 0 0 0 0 0 0 0 0 0 0 0
0 0 0 0 0 0 0 0 0 0 0 0 0 0 0 0 0 0 0 0 0 0 0 0 0 0 0 0 0 0 0 0 0 0 0 0 0 0 0 0 0
0 0 0 0 0 0 0 0 0 0 0 0 0 0 0 0 0 0 0 0 0 0 0 0 0 0 0 0 0 0 0 0 0 0 0 0 0 0 0 0 0
0 0 0 0 0 0 0 0 0 0 6 0 0 0 0 0 0 0 0 0 0 0 0 0 0 0 0 0 0 0 0 0 0 0 0 0 0 0 0 0 0
0 0 0 0 0 0 0 0 0 0 0 0 0 0 0 0 0 0 0 0 0 0 0 0 0 0 0 0 0 0 0 0 0 0 0 0 0 0 0 0 0
0 0 0 0 0 0 0 0 0 0 0 0 0 0 0 0 0 0 0 0 0 0 0 0 0 0 0 0 0 0 0 0 0 0 0 0 0 0 0 0 0
0 0 0 0 0 0 0 0 0 0 10 0 0 0 0 0 0 0 0 0 0 0 0 0 0 0 0 0 0 0 0 0 0 0 0 0 0 0 0 0 0
0 0 0 0 0 0 0 0 0 0 0 0 0 0 0 0 0 0 0 0 0 0 0 0 0 0 0 0 0 0 0 0 0 0 0 0 0 0 0 0 0
